{
 "cells": [
  {
   "cell_type": "markdown",
   "metadata": {},
   "source": [
    "# Example 2: Markov Stability applied to directed graph"
   ]
  },
  {
   "cell_type": "code",
   "execution_count": 1,
   "metadata": {},
   "outputs": [],
   "source": [
    "import networkx as nx\n",
    "\n",
    "from pygenstability import run, plotting, constructors"
   ]
  },
  {
   "cell_type": "code",
   "execution_count": 2,
   "metadata": {},
   "outputs": [
    {
     "name": "stderr",
     "output_type": "stream",
     "text": [
      "/tmp/ipykernel_54099/3871690300.py:4: DeprecationWarning: \n",
      "\n",
      "The scipy.sparse array containers will be used instead of matrices\n",
      "in Networkx 3.0. Use `to_scipy_sparse_array` instead.\n",
      "  adjacency = nx.to_scipy_sparse_matrix(nx_graph)\n"
     ]
    }
   ],
   "source": [
    "# creating directed partitioned graph\n",
    "\n",
    "nx_graph = nx.planted_partition_graph(4, 20, 0.3, 0.01, seed=42, directed=True)\n",
    "adjacency = nx.to_scipy_sparse_matrix(nx_graph)"
   ]
  },
  {
   "cell_type": "code",
   "execution_count": 3,
   "metadata": {},
   "outputs": [],
   "source": [
    "# defining the constructor externally\n",
    "\n",
    "directed_constructor = constructors.load_constructor('directed', adjacency, alpha=0.85)"
   ]
  },
  {
   "cell_type": "code",
   "execution_count": 4,
   "metadata": {},
   "outputs": [
    {
     "name": "stderr",
     "output_type": "stream",
     "text": [
      "Your graph is directed!\n",
      "100%|██████████| 20/20 [00:00<00:00, 24.52it/s]\n",
      "100%|██████████| 20/20 [00:09<00:00,  2.02it/s]\n",
      "100%|██████████| 20/20 [00:00<00:00, 84.59it/s]\n"
     ]
    }
   ],
   "source": [
    "# scan markov scale for communities\n",
    "\n",
    "all_results = run(adjacency, min_scale=-1, max_scale = 1, constructor=directed_constructor)"
   ]
  },
  {
   "cell_type": "code",
   "execution_count": 5,
   "metadata": {},
   "outputs": [
    {
     "data": {
      "application/vnd.plotly.v1+json": {
       "config": {
        "plotlyServerURL": "https://plot.ly"
       },
       "data": [
        {
         "hovertemplate": "<b>scale</b>: %{x:.2f}, <br>%{text}<extra></extra>",
         "marker": {
          "color": "blue"
         },
         "mode": "lines+markers",
         "name": "Stability",
         "text": [
          "Number of communities: 46, <br> Stability: 0.897,\n        <br> Normalised Variation Information: 0.057, <br> Index: 0",
          "Number of communities: 38, <br> Stability: 0.877,\n        <br> Normalised Variation Information: 0.101, <br> Index: 1",
          "Number of communities: 33, <br> Stability: 0.854,\n        <br> Normalised Variation Information: 0.109, <br> Index: 2",
          "Number of communities: 25, <br> Stability: 0.828,\n        <br> Normalised Variation Information: 0.147, <br> Index: 3",
          "Number of communities: 22, <br> Stability: 0.798,\n        <br> Normalised Variation Information: 0.152, <br> Index: 4",
          "Number of communities: 18, <br> Stability: 0.762,\n        <br> Normalised Variation Information: 0.154, <br> Index: 5",
          "Number of communities: 14, <br> Stability: 0.721,\n        <br> Normalised Variation Information: 0.237, <br> Index: 6",
          "Number of communities: 14, <br> Stability: 0.721,\n        <br> Normalised Variation Information: 0.206, <br> Index: 7",
          "Number of communities: 6, <br> Stability: 0.632,\n        <br> Normalised Variation Information: 0.101, <br> Index: 8",
          "Number of communities: 5, <br> Stability: 0.593,\n        <br> Normalised Variation Information: 0.054, <br> Index: 9",
          "Number of communities: 5, <br> Stability: 0.593,\n        <br> Normalised Variation Information: 0.013, <br> Index: 10",
          "Number of communities: 4, <br> Stability: 0.51,\n        <br> Normalised Variation Information: 0.0, <br> Index: 11",
          "Number of communities: 4, <br> Stability: 0.51,\n        <br> Normalised Variation Information: 0.0, <br> Index: 12",
          "Number of communities: 4, <br> Stability: 0.51,\n        <br> Normalised Variation Information: 0.0, <br> Index: 13",
          "Number of communities: 4, <br> Stability: 0.51,\n        <br> Normalised Variation Information: 0.0, <br> Index: 14",
          "Number of communities: 4, <br> Stability: 0.51,\n        <br> Normalised Variation Information: 0.0, <br> Index: 15",
          "Number of communities: 4, <br> Stability: 0.51,\n        <br> Normalised Variation Information: 0.0, <br> Index: 16",
          "Number of communities: 4, <br> Stability: 0.51,\n        <br> Normalised Variation Information: 0.0, <br> Index: 17",
          "Number of communities: 4, <br> Stability: 0.51,\n        <br> Normalised Variation Information: 0.0, <br> Index: 18",
          "Number of communities: 3, <br> Stability: 0.054,\n        <br> Normalised Variation Information: 0.0, <br> Index: 19"
         ],
         "type": "scatter",
         "x": [
          -1,
          -0.8947368421052632,
          -0.7894736842105263,
          -0.6842105263157895,
          -0.5789473684210527,
          -0.4736842105263159,
          -0.368421052631579,
          -0.26315789473684215,
          -0.15789473684210528,
          -0.05263157894736847,
          0.052631578947368335,
          0.15789473684210534,
          0.26315789473684204,
          0.36842105263157876,
          0.4736842105263157,
          0.5789473684210527,
          0.6842105263157894,
          0.7894736842105261,
          0.894736842105263,
          1
         ],
         "y": [
          0.8968907096791378,
          0.8773527975627226,
          0.8544288430975148,
          0.8279393662293323,
          0.7978356184111047,
          0.76175686507777,
          0.7206084837736689,
          0.7206084837736689,
          0.6320009332711242,
          0.5931856355185734,
          0.5931856355185734,
          0.5096453531512692,
          0.5096453531512692,
          0.5096453531512692,
          0.5096453531512692,
          0.5096453531512692,
          0.5096453531512692,
          0.5096453531512692,
          0.5096453531512692,
          0.05438597754728868
         ]
        },
        {
         "hovertemplate": "<b>scale</b>: %{x:.2f}, <br>%{text}<extra></extra>",
         "marker": {
          "color": "red"
         },
         "mode": "lines+markers",
         "name": "Number of communities",
         "text": [
          "Number of communities: 46, <br> Stability: 0.897,\n        <br> Normalised Variation Information: 0.057, <br> Index: 0",
          "Number of communities: 38, <br> Stability: 0.877,\n        <br> Normalised Variation Information: 0.101, <br> Index: 1",
          "Number of communities: 33, <br> Stability: 0.854,\n        <br> Normalised Variation Information: 0.109, <br> Index: 2",
          "Number of communities: 25, <br> Stability: 0.828,\n        <br> Normalised Variation Information: 0.147, <br> Index: 3",
          "Number of communities: 22, <br> Stability: 0.798,\n        <br> Normalised Variation Information: 0.152, <br> Index: 4",
          "Number of communities: 18, <br> Stability: 0.762,\n        <br> Normalised Variation Information: 0.154, <br> Index: 5",
          "Number of communities: 14, <br> Stability: 0.721,\n        <br> Normalised Variation Information: 0.237, <br> Index: 6",
          "Number of communities: 14, <br> Stability: 0.721,\n        <br> Normalised Variation Information: 0.206, <br> Index: 7",
          "Number of communities: 6, <br> Stability: 0.632,\n        <br> Normalised Variation Information: 0.101, <br> Index: 8",
          "Number of communities: 5, <br> Stability: 0.593,\n        <br> Normalised Variation Information: 0.054, <br> Index: 9",
          "Number of communities: 5, <br> Stability: 0.593,\n        <br> Normalised Variation Information: 0.013, <br> Index: 10",
          "Number of communities: 4, <br> Stability: 0.51,\n        <br> Normalised Variation Information: 0.0, <br> Index: 11",
          "Number of communities: 4, <br> Stability: 0.51,\n        <br> Normalised Variation Information: 0.0, <br> Index: 12",
          "Number of communities: 4, <br> Stability: 0.51,\n        <br> Normalised Variation Information: 0.0, <br> Index: 13",
          "Number of communities: 4, <br> Stability: 0.51,\n        <br> Normalised Variation Information: 0.0, <br> Index: 14",
          "Number of communities: 4, <br> Stability: 0.51,\n        <br> Normalised Variation Information: 0.0, <br> Index: 15",
          "Number of communities: 4, <br> Stability: 0.51,\n        <br> Normalised Variation Information: 0.0, <br> Index: 16",
          "Number of communities: 4, <br> Stability: 0.51,\n        <br> Normalised Variation Information: 0.0, <br> Index: 17",
          "Number of communities: 4, <br> Stability: 0.51,\n        <br> Normalised Variation Information: 0.0, <br> Index: 18",
          "Number of communities: 3, <br> Stability: 0.054,\n        <br> Normalised Variation Information: 0.0, <br> Index: 19"
         ],
         "type": "scatter",
         "x": [
          -1,
          -0.8947368421052632,
          -0.7894736842105263,
          -0.6842105263157895,
          -0.5789473684210527,
          -0.4736842105263159,
          -0.368421052631579,
          -0.26315789473684215,
          -0.15789473684210528,
          -0.05263157894736847,
          0.052631578947368335,
          0.15789473684210534,
          0.26315789473684204,
          0.36842105263157876,
          0.4736842105263157,
          0.5789473684210527,
          0.6842105263157894,
          0.7894736842105261,
          0.894736842105263,
          1
         ],
         "xaxis": "x2",
         "y": [
          46,
          38,
          33,
          25,
          22,
          18,
          14,
          14,
          6,
          5,
          5,
          4,
          4,
          4,
          4,
          4,
          4,
          4,
          4,
          3
         ],
         "yaxis": "y4"
        },
        {
         "hovertemplate": "<b>scale</b>: %{x:.2f}, <br>%{text}<extra></extra>",
         "marker": {
          "color": "green"
         },
         "mode": "lines+markers",
         "name": "NVI",
         "opacity": 1,
         "text": [
          "Number of communities: 46, <br> Stability: 0.897,\n        <br> Normalised Variation Information: 0.057, <br> Index: 0",
          "Number of communities: 38, <br> Stability: 0.877,\n        <br> Normalised Variation Information: 0.101, <br> Index: 1",
          "Number of communities: 33, <br> Stability: 0.854,\n        <br> Normalised Variation Information: 0.109, <br> Index: 2",
          "Number of communities: 25, <br> Stability: 0.828,\n        <br> Normalised Variation Information: 0.147, <br> Index: 3",
          "Number of communities: 22, <br> Stability: 0.798,\n        <br> Normalised Variation Information: 0.152, <br> Index: 4",
          "Number of communities: 18, <br> Stability: 0.762,\n        <br> Normalised Variation Information: 0.154, <br> Index: 5",
          "Number of communities: 14, <br> Stability: 0.721,\n        <br> Normalised Variation Information: 0.237, <br> Index: 6",
          "Number of communities: 14, <br> Stability: 0.721,\n        <br> Normalised Variation Information: 0.206, <br> Index: 7",
          "Number of communities: 6, <br> Stability: 0.632,\n        <br> Normalised Variation Information: 0.101, <br> Index: 8",
          "Number of communities: 5, <br> Stability: 0.593,\n        <br> Normalised Variation Information: 0.054, <br> Index: 9",
          "Number of communities: 5, <br> Stability: 0.593,\n        <br> Normalised Variation Information: 0.013, <br> Index: 10",
          "Number of communities: 4, <br> Stability: 0.51,\n        <br> Normalised Variation Information: 0.0, <br> Index: 11",
          "Number of communities: 4, <br> Stability: 0.51,\n        <br> Normalised Variation Information: 0.0, <br> Index: 12",
          "Number of communities: 4, <br> Stability: 0.51,\n        <br> Normalised Variation Information: 0.0, <br> Index: 13",
          "Number of communities: 4, <br> Stability: 0.51,\n        <br> Normalised Variation Information: 0.0, <br> Index: 14",
          "Number of communities: 4, <br> Stability: 0.51,\n        <br> Normalised Variation Information: 0.0, <br> Index: 15",
          "Number of communities: 4, <br> Stability: 0.51,\n        <br> Normalised Variation Information: 0.0, <br> Index: 16",
          "Number of communities: 4, <br> Stability: 0.51,\n        <br> Normalised Variation Information: 0.0, <br> Index: 17",
          "Number of communities: 4, <br> Stability: 0.51,\n        <br> Normalised Variation Information: 0.0, <br> Index: 18",
          "Number of communities: 3, <br> Stability: 0.054,\n        <br> Normalised Variation Information: 0.0, <br> Index: 19"
         ],
         "type": "scatter",
         "x": [
          -1,
          -0.8947368421052632,
          -0.7894736842105263,
          -0.6842105263157895,
          -0.5789473684210527,
          -0.4736842105263159,
          -0.368421052631579,
          -0.26315789473684215,
          -0.15789473684210528,
          -0.05263157894736847,
          0.052631578947368335,
          0.15789473684210534,
          0.26315789473684204,
          0.36842105263157876,
          0.4736842105263157,
          0.5789473684210527,
          0.6842105263157894,
          0.7894736842105261,
          0.894736842105263,
          1
         ],
         "xaxis": "x",
         "y": [
          0.057326364299770526,
          0.10098208479162725,
          0.1085894453590308,
          0.14661262013084447,
          0.15248742840587418,
          0.15418870682234967,
          0.23713619102521946,
          0.2059712481152184,
          0.10134100570977304,
          0.05411483872016908,
          0.012960863385413295,
          0,
          0,
          0,
          0,
          0,
          0,
          0,
          0,
          0
         ],
         "yaxis": "y3"
        },
        {
         "colorbar": {
          "len": 0.2,
          "title": {
           "text": "VI"
          },
          "y": 0.5,
          "yanchor": "middle"
         },
         "colorscale": [
          [
           0,
           "rgb(102,37,6)"
          ],
          [
           0.125,
           "rgb(153,52,4)"
          ],
          [
           0.25,
           "rgb(204,76,2)"
          ],
          [
           0.375,
           "rgb(236,112,20)"
          ],
          [
           0.5,
           "rgb(254,153,41)"
          ],
          [
           0.625,
           "rgb(254,196,79)"
          ],
          [
           0.75,
           "rgb(254,227,145)"
          ],
          [
           0.875,
           "rgb(255,247,188)"
          ],
          [
           1,
           "rgb(255,255,229)"
          ]
         ],
         "hoverinfo": "skip",
         "showscale": true,
         "type": "heatmap",
         "x": [
          -1,
          -0.8947368421052632,
          -0.7894736842105263,
          -0.6842105263157895,
          -0.5789473684210527,
          -0.4736842105263159,
          -0.368421052631579,
          -0.26315789473684215,
          -0.15789473684210528,
          -0.05263157894736847,
          0.052631578947368335,
          0.15789473684210534,
          0.26315789473684204,
          0.36842105263157876,
          0.4736842105263157,
          0.5789473684210527,
          0.6842105263157894,
          0.7894736842105261,
          0.894736842105263,
          1
         ],
         "xaxis": "x2",
         "y": [
          -1,
          -0.8947368421052632,
          -0.7894736842105263,
          -0.6842105263157895,
          -0.5789473684210527,
          -0.4736842105263159,
          -0.368421052631579,
          -0.26315789473684215,
          -0.15789473684210528,
          -0.05263157894736847,
          0.052631578947368335,
          0.15789473684210534,
          0.26315789473684204,
          0.36842105263157876,
          0.4736842105263157,
          0.5789473684210527,
          0.6842105263157894,
          0.7894736842105261,
          0.894736842105263,
          1
         ],
         "yaxis": "y2",
         "z": [
          [
           0,
           0.09902330593208222,
           0.15075442317301962,
           0.22158843200193687,
           0.2669516099094192,
           0.3127283321819118,
           0.37227981434742974,
           0.37227981434742974,
           0.5614385705729708,
           0.6181206238333915,
           0.6181206238333915,
           0.6313192542979307,
           0.6313192542979307,
           0.6313192542979307,
           0.6313192542979307,
           0.6313192542979307,
           0.6313192542979307,
           0.6313192542979307,
           0.6313192542979307,
           0.7234894407234481
          ],
          [
           0.09902330593208222,
           0,
           0.09133054362260597,
           0.21394386281038758,
           0.25888114714374605,
           0.3140236688995277,
           0.3706825711322438,
           0.3706825711322438,
           0.5472890199769541,
           0.5972104903090453,
           0.5972104903090453,
           0.6111318231308642,
           0.6111318231308642,
           0.6111318231308642,
           0.6111318231308642,
           0.6111318231308642,
           0.6111318231308642,
           0.6111318231308642,
           0.6111318231308642,
           0.7083488673481481
          ],
          [
           0.15075442317301962,
           0.09133054362260597,
           0,
           0.2017786281884533,
           0.2396327416847569,
           0.2934952296907981,
           0.36472098671138964,
           0.36472098671138964,
           0.5269742881374422,
           0.5884586980758153,
           0.5884586980758153,
           0.6028562623786524,
           0.6028562623786524,
           0.6028562623786524,
           0.6028562623786524,
           0.6028562623786524,
           0.6028562623786524,
           0.6028562623786524,
           0.6028562623786524,
           0.7033989807638037
          ],
          [
           0.22158843200193687,
           0.21394386281038758,
           0.2017786281884533,
           0,
           0.13915778429321093,
           0.18355106477973518,
           0.278322831304378,
           0.278322831304378,
           0.49104663084524214,
           0.5500012118606988,
           0.5500012118606988,
           0.5657441918681534,
           0.5657441918681534,
           0.5657441918681534,
           0.5657441918681534,
           0.5657441918681534,
           0.5657441918681534,
           0.5657441918681534,
           0.5657441918681534,
           0.6756823711420386
          ],
          [
           0.2669516099094192,
           0.25888114714374605,
           0.2396327416847569,
           0.13915778429321093,
           0,
           0.12102767310430239,
           0.2530566838081209,
           0.2530566838081209,
           0.4385839250397972,
           0.5178110091155117,
           0.5178110091155117,
           0.5344765708136558,
           0.5344765708136558,
           0.5344765708136558,
           0.5344765708136558,
           0.5344765708136558,
           0.5344765708136558,
           0.5344765708136558,
           0.5344765708136558,
           0.6508574281102419
          ],
          [
           0.3127283321819118,
           0.3140236688995277,
           0.2934952296907981,
           0.18355106477973518,
           0.12102767310430239,
           0,
           0.18973421697327997,
           0.18973421697327997,
           0.4074569073550512,
           0.48174873189905487,
           0.48174873189905487,
           0.4996606889261843,
           0.4996606889261843,
           0.4996606889261843,
           0.4996606889261843,
           0.4996606889261843,
           0.4996606889261843,
           0.4996606889261843,
           0.4996606889261843,
           0.6247455166946383
          ],
          [
           0.37227981434742974,
           0.3706825711322438,
           0.36472098671138964,
           0.278322831304378,
           0.2530566838081209,
           0.18973421697327997,
           0,
           0,
           0.32837576243099226,
           0.4323423916807722,
           0.4323423916807722,
           0.45196194557708125,
           0.45196194557708125,
           0.45196194557708125,
           0.45196194557708125,
           0.45196194557708125,
           0.45196194557708125,
           0.45196194557708125,
           0.45196194557708125,
           0.5889714591828109
          ],
          [
           0.37227981434742974,
           0.3706825711322438,
           0.36472098671138964,
           0.278322831304378,
           0.2530566838081209,
           0.18973421697327997,
           0,
           0,
           0.32837576243099226,
           0.4323423916807722,
           0.4323423916807722,
           0.45196194557708125,
           0.45196194557708125,
           0.45196194557708125,
           0.45196194557708125,
           0.45196194557708125,
           0.45196194557708125,
           0.45196194557708125,
           0.45196194557708125,
           0.5889714591828109
          ],
          [
           0.5614385705729708,
           0.5472890199769541,
           0.5269742881374422,
           0.49104663084524214,
           0.4385839250397972,
           0.4074569073550512,
           0.32837576243099226,
           0.32837576243099226,
           0,
           0.19645924166084927,
           0.19645924166084927,
           0.18401090406358472,
           0.18401090406358472,
           0.18401090406358472,
           0.18401090406358472,
           0.18401090406358472,
           0.18401090406358472,
           0.18401090406358472,
           0.18401090406358472,
           0.3880081780476886
          ],
          [
           0.6181206238333915,
           0.5972104903090453,
           0.5884586980758153,
           0.5500012118606988,
           0.5178110091155117,
           0.48174873189905487,
           0.4323423916807722,
           0.4323423916807722,
           0.19645924166084927,
           0,
           3.0927087083984995e-16,
           0.03456230236110207,
           0.03456230236110207,
           0.03456230236110207,
           0.03456230236110207,
           0.03456230236110207,
           0.03456230236110207,
           0.03456230236110207,
           0.03456230236110207,
           0.27592172677082666
          ],
          [
           0.6181206238333915,
           0.5972104903090453,
           0.5884586980758153,
           0.5500012118606988,
           0.5178110091155117,
           0.48174873189905487,
           0.4323423916807722,
           0.4323423916807722,
           0.19645924166084927,
           3.0927087083984995e-16,
           0,
           0.03456230236110207,
           0.03456230236110207,
           0.03456230236110207,
           0.03456230236110207,
           0.03456230236110207,
           0.03456230236110207,
           0.03456230236110207,
           0.03456230236110207,
           0.27592172677082666
          ],
          [
           0.6313192542979307,
           0.6111318231308642,
           0.6028562623786524,
           0.5657441918681534,
           0.5344765708136558,
           0.4996606889261843,
           0.45196194557708125,
           0.45196194557708125,
           0.18401090406358472,
           0.03456230236110207,
           0.03456230236110207,
           0,
           0,
           0,
           0,
           0,
           0,
           0,
           0,
           0.25000000000000006
          ],
          [
           0.6313192542979307,
           0.6111318231308642,
           0.6028562623786524,
           0.5657441918681534,
           0.5344765708136558,
           0.4996606889261843,
           0.45196194557708125,
           0.45196194557708125,
           0.18401090406358472,
           0.03456230236110207,
           0.03456230236110207,
           0,
           0,
           0,
           0,
           0,
           0,
           0,
           0,
           0.25000000000000006
          ],
          [
           0.6313192542979307,
           0.6111318231308642,
           0.6028562623786524,
           0.5657441918681534,
           0.5344765708136558,
           0.4996606889261843,
           0.45196194557708125,
           0.45196194557708125,
           0.18401090406358472,
           0.03456230236110207,
           0.03456230236110207,
           0,
           0,
           0,
           0,
           0,
           0,
           0,
           0,
           0.25000000000000006
          ],
          [
           0.6313192542979307,
           0.6111318231308642,
           0.6028562623786524,
           0.5657441918681534,
           0.5344765708136558,
           0.4996606889261843,
           0.45196194557708125,
           0.45196194557708125,
           0.18401090406358472,
           0.03456230236110207,
           0.03456230236110207,
           0,
           0,
           0,
           0,
           0,
           0,
           0,
           0,
           0.25000000000000006
          ],
          [
           0.6313192542979307,
           0.6111318231308642,
           0.6028562623786524,
           0.5657441918681534,
           0.5344765708136558,
           0.4996606889261843,
           0.45196194557708125,
           0.45196194557708125,
           0.18401090406358472,
           0.03456230236110207,
           0.03456230236110207,
           0,
           0,
           0,
           0,
           0,
           0,
           0,
           0,
           0.25000000000000006
          ],
          [
           0.6313192542979307,
           0.6111318231308642,
           0.6028562623786524,
           0.5657441918681534,
           0.5344765708136558,
           0.4996606889261843,
           0.45196194557708125,
           0.45196194557708125,
           0.18401090406358472,
           0.03456230236110207,
           0.03456230236110207,
           0,
           0,
           0,
           0,
           0,
           0,
           0,
           0,
           0.25000000000000006
          ],
          [
           0.6313192542979307,
           0.6111318231308642,
           0.6028562623786524,
           0.5657441918681534,
           0.5344765708136558,
           0.4996606889261843,
           0.45196194557708125,
           0.45196194557708125,
           0.18401090406358472,
           0.03456230236110207,
           0.03456230236110207,
           0,
           0,
           0,
           0,
           0,
           0,
           0,
           0,
           0.25000000000000006
          ],
          [
           0.6313192542979307,
           0.6111318231308642,
           0.6028562623786524,
           0.5657441918681534,
           0.5344765708136558,
           0.4996606889261843,
           0.45196194557708125,
           0.45196194557708125,
           0.18401090406358472,
           0.03456230236110207,
           0.03456230236110207,
           0,
           0,
           0,
           0,
           0,
           0,
           0,
           0,
           0.25000000000000006
          ],
          [
           0.7234894407234481,
           0.7083488673481481,
           0.7033989807638037,
           0.6756823711420386,
           0.6508574281102419,
           0.6247455166946383,
           0.5889714591828109,
           0.5889714591828109,
           0.3880081780476886,
           0.27592172677082666,
           0.27592172677082666,
           0.25000000000000006,
           0.25000000000000006,
           0.25000000000000006,
           0.25000000000000006,
           0.25000000000000006,
           0.25000000000000006,
           0.25000000000000006,
           0.25000000000000006,
           0
          ]
         ]
        }
       ],
       "layout": {
        "template": {
         "data": {
          "bar": [
           {
            "error_x": {
             "color": "#2a3f5f"
            },
            "error_y": {
             "color": "#2a3f5f"
            },
            "marker": {
             "line": {
              "color": "#E5ECF6",
              "width": 0.5
             },
             "pattern": {
              "fillmode": "overlay",
              "size": 10,
              "solidity": 0.2
             }
            },
            "type": "bar"
           }
          ],
          "barpolar": [
           {
            "marker": {
             "line": {
              "color": "#E5ECF6",
              "width": 0.5
             },
             "pattern": {
              "fillmode": "overlay",
              "size": 10,
              "solidity": 0.2
             }
            },
            "type": "barpolar"
           }
          ],
          "carpet": [
           {
            "aaxis": {
             "endlinecolor": "#2a3f5f",
             "gridcolor": "white",
             "linecolor": "white",
             "minorgridcolor": "white",
             "startlinecolor": "#2a3f5f"
            },
            "baxis": {
             "endlinecolor": "#2a3f5f",
             "gridcolor": "white",
             "linecolor": "white",
             "minorgridcolor": "white",
             "startlinecolor": "#2a3f5f"
            },
            "type": "carpet"
           }
          ],
          "choropleth": [
           {
            "colorbar": {
             "outlinewidth": 0,
             "ticks": ""
            },
            "type": "choropleth"
           }
          ],
          "contour": [
           {
            "colorbar": {
             "outlinewidth": 0,
             "ticks": ""
            },
            "colorscale": [
             [
              0,
              "#0d0887"
             ],
             [
              0.1111111111111111,
              "#46039f"
             ],
             [
              0.2222222222222222,
              "#7201a8"
             ],
             [
              0.3333333333333333,
              "#9c179e"
             ],
             [
              0.4444444444444444,
              "#bd3786"
             ],
             [
              0.5555555555555556,
              "#d8576b"
             ],
             [
              0.6666666666666666,
              "#ed7953"
             ],
             [
              0.7777777777777778,
              "#fb9f3a"
             ],
             [
              0.8888888888888888,
              "#fdca26"
             ],
             [
              1,
              "#f0f921"
             ]
            ],
            "type": "contour"
           }
          ],
          "contourcarpet": [
           {
            "colorbar": {
             "outlinewidth": 0,
             "ticks": ""
            },
            "type": "contourcarpet"
           }
          ],
          "heatmap": [
           {
            "colorbar": {
             "outlinewidth": 0,
             "ticks": ""
            },
            "colorscale": [
             [
              0,
              "#0d0887"
             ],
             [
              0.1111111111111111,
              "#46039f"
             ],
             [
              0.2222222222222222,
              "#7201a8"
             ],
             [
              0.3333333333333333,
              "#9c179e"
             ],
             [
              0.4444444444444444,
              "#bd3786"
             ],
             [
              0.5555555555555556,
              "#d8576b"
             ],
             [
              0.6666666666666666,
              "#ed7953"
             ],
             [
              0.7777777777777778,
              "#fb9f3a"
             ],
             [
              0.8888888888888888,
              "#fdca26"
             ],
             [
              1,
              "#f0f921"
             ]
            ],
            "type": "heatmap"
           }
          ],
          "heatmapgl": [
           {
            "colorbar": {
             "outlinewidth": 0,
             "ticks": ""
            },
            "colorscale": [
             [
              0,
              "#0d0887"
             ],
             [
              0.1111111111111111,
              "#46039f"
             ],
             [
              0.2222222222222222,
              "#7201a8"
             ],
             [
              0.3333333333333333,
              "#9c179e"
             ],
             [
              0.4444444444444444,
              "#bd3786"
             ],
             [
              0.5555555555555556,
              "#d8576b"
             ],
             [
              0.6666666666666666,
              "#ed7953"
             ],
             [
              0.7777777777777778,
              "#fb9f3a"
             ],
             [
              0.8888888888888888,
              "#fdca26"
             ],
             [
              1,
              "#f0f921"
             ]
            ],
            "type": "heatmapgl"
           }
          ],
          "histogram": [
           {
            "marker": {
             "pattern": {
              "fillmode": "overlay",
              "size": 10,
              "solidity": 0.2
             }
            },
            "type": "histogram"
           }
          ],
          "histogram2d": [
           {
            "colorbar": {
             "outlinewidth": 0,
             "ticks": ""
            },
            "colorscale": [
             [
              0,
              "#0d0887"
             ],
             [
              0.1111111111111111,
              "#46039f"
             ],
             [
              0.2222222222222222,
              "#7201a8"
             ],
             [
              0.3333333333333333,
              "#9c179e"
             ],
             [
              0.4444444444444444,
              "#bd3786"
             ],
             [
              0.5555555555555556,
              "#d8576b"
             ],
             [
              0.6666666666666666,
              "#ed7953"
             ],
             [
              0.7777777777777778,
              "#fb9f3a"
             ],
             [
              0.8888888888888888,
              "#fdca26"
             ],
             [
              1,
              "#f0f921"
             ]
            ],
            "type": "histogram2d"
           }
          ],
          "histogram2dcontour": [
           {
            "colorbar": {
             "outlinewidth": 0,
             "ticks": ""
            },
            "colorscale": [
             [
              0,
              "#0d0887"
             ],
             [
              0.1111111111111111,
              "#46039f"
             ],
             [
              0.2222222222222222,
              "#7201a8"
             ],
             [
              0.3333333333333333,
              "#9c179e"
             ],
             [
              0.4444444444444444,
              "#bd3786"
             ],
             [
              0.5555555555555556,
              "#d8576b"
             ],
             [
              0.6666666666666666,
              "#ed7953"
             ],
             [
              0.7777777777777778,
              "#fb9f3a"
             ],
             [
              0.8888888888888888,
              "#fdca26"
             ],
             [
              1,
              "#f0f921"
             ]
            ],
            "type": "histogram2dcontour"
           }
          ],
          "mesh3d": [
           {
            "colorbar": {
             "outlinewidth": 0,
             "ticks": ""
            },
            "type": "mesh3d"
           }
          ],
          "parcoords": [
           {
            "line": {
             "colorbar": {
              "outlinewidth": 0,
              "ticks": ""
             }
            },
            "type": "parcoords"
           }
          ],
          "pie": [
           {
            "automargin": true,
            "type": "pie"
           }
          ],
          "scatter": [
           {
            "fillpattern": {
             "fillmode": "overlay",
             "size": 10,
             "solidity": 0.2
            },
            "type": "scatter"
           }
          ],
          "scatter3d": [
           {
            "line": {
             "colorbar": {
              "outlinewidth": 0,
              "ticks": ""
             }
            },
            "marker": {
             "colorbar": {
              "outlinewidth": 0,
              "ticks": ""
             }
            },
            "type": "scatter3d"
           }
          ],
          "scattercarpet": [
           {
            "marker": {
             "colorbar": {
              "outlinewidth": 0,
              "ticks": ""
             }
            },
            "type": "scattercarpet"
           }
          ],
          "scattergeo": [
           {
            "marker": {
             "colorbar": {
              "outlinewidth": 0,
              "ticks": ""
             }
            },
            "type": "scattergeo"
           }
          ],
          "scattergl": [
           {
            "marker": {
             "colorbar": {
              "outlinewidth": 0,
              "ticks": ""
             }
            },
            "type": "scattergl"
           }
          ],
          "scattermapbox": [
           {
            "marker": {
             "colorbar": {
              "outlinewidth": 0,
              "ticks": ""
             }
            },
            "type": "scattermapbox"
           }
          ],
          "scatterpolar": [
           {
            "marker": {
             "colorbar": {
              "outlinewidth": 0,
              "ticks": ""
             }
            },
            "type": "scatterpolar"
           }
          ],
          "scatterpolargl": [
           {
            "marker": {
             "colorbar": {
              "outlinewidth": 0,
              "ticks": ""
             }
            },
            "type": "scatterpolargl"
           }
          ],
          "scatterternary": [
           {
            "marker": {
             "colorbar": {
              "outlinewidth": 0,
              "ticks": ""
             }
            },
            "type": "scatterternary"
           }
          ],
          "surface": [
           {
            "colorbar": {
             "outlinewidth": 0,
             "ticks": ""
            },
            "colorscale": [
             [
              0,
              "#0d0887"
             ],
             [
              0.1111111111111111,
              "#46039f"
             ],
             [
              0.2222222222222222,
              "#7201a8"
             ],
             [
              0.3333333333333333,
              "#9c179e"
             ],
             [
              0.4444444444444444,
              "#bd3786"
             ],
             [
              0.5555555555555556,
              "#d8576b"
             ],
             [
              0.6666666666666666,
              "#ed7953"
             ],
             [
              0.7777777777777778,
              "#fb9f3a"
             ],
             [
              0.8888888888888888,
              "#fdca26"
             ],
             [
              1,
              "#f0f921"
             ]
            ],
            "type": "surface"
           }
          ],
          "table": [
           {
            "cells": {
             "fill": {
              "color": "#EBF0F8"
             },
             "line": {
              "color": "white"
             }
            },
            "header": {
             "fill": {
              "color": "#C8D4E3"
             },
             "line": {
