{
 "cells": [
  {
   "cell_type": "markdown",
   "metadata": {},
   "source": [
    "# Example 2: Markov Stability applied to directed graph"
   ]
  },
  {
   "cell_type": "code",
   "execution_count": 1,
   "metadata": {},
   "outputs": [],
   "source": [
    "import networkx as nx\n",
    "\n",
    "from pygenstability import run, plotting, constructors"
   ]
  },
  {
   "cell_type": "code",
   "execution_count": 10,
   "metadata": {},
   "outputs": [],
   "source": [
    "# creating directed partitioned graph\n",
    "\n",
    "nx_graph = nx.planted_partition_graph(4, 20, 0.3, 0.01, seed=42, directed=True)\n",
    "adjacency = nx.to_scipy_sparse_array(nx_graph)"
   ]
  },
  {
   "cell_type": "code",
   "execution_count": 11,
   "metadata": {},
   "outputs": [],
   "source": [
    "# defining the constructor externally\n",
    "\n",
    "directed_constructor = constructors.load_constructor('directed', adjacency, alpha=0.85)"
   ]
  },
  {
   "cell_type": "code",
   "execution_count": 12,
   "metadata": {},
   "outputs": [
    {
     "name": "stderr",
     "output_type": "stream",
     "text": [
      "Your graph is directed!\n",
      "100%|██████████████████████████████████████████████████████████████████████████████████████████████████████████████████████████████████████████████| 20/20 [00:02<00:00,  7.84it/s]\n",
      "100%|██████████████████████████████████████████████████████████████████████████████████████████████████████████████████████████████████████████████| 20/20 [00:05<00:00,  3.67it/s]\n",
      "100%|█████████████████████████████████████████████████████████████████████████████████████████████████████████████████████████████████████████████| 20/20 [00:00<00:00, 134.52it/s]\n"
     ]
    }
   ],
   "source": [
    "# scan markov scale for communities\n",
    "\n",
    "all_results = run(adjacency, min_scale=-1, max_scale = 1, constructor=directed_constructor)"
   ]
  },
  {
   "cell_type": "code",
   "execution_count": 13,
   "metadata": {},
   "outputs": [
    {
     "data": {
      "application/vnd.plotly.v1+json": {
       "config": {
        "plotlyServerURL": "https://plot.ly"
       },
       "data": [
        {
         "hovertemplate": "<b>scale</b>: %{x:.2f}, <br>%{text}<extra></extra>",
         "marker": {
          "color": "blue"
         },
         "mode": "lines+markers",
         "name": "Stability",
         "text": [
          "Number of communities: 47, <br> Stability: 0.897,\n        <br> Normalised Variation Information: 0.059, <br> Index: 0",
          "Number of communities: 39, <br> Stability: 0.877,\n        <br> Normalised Variation Information: 0.11, <br> Index: 1",
          "Number of communities: 33, <br> Stability: 0.854,\n        <br> Normalised Variation Information: 0.12, <br> Index: 2",
          "Number of communities: 24, <br> Stability: 0.828,\n        <br> Normalised Variation Information: 0.137, <br> Index: 3",
          "Number of communities: 22, <br> Stability: 0.798,\n        <br> Normalised Variation Information: 0.161, <br> Index: 4",
          "Number of communities: 17, <br> Stability: 0.761,\n        <br> Normalised Variation Information: 0.173, <br> Index: 5",
          "Number of communities: 15, <br> Stability: 0.721,\n        <br> Normalised Variation Information: 0.219, <br> Index: 6",
          "Number of communities: 15, <br> Stability: 0.721,\n        <br> Normalised Variation Information: 0.217, <br> Index: 7",
          "Number of communities: 7, <br> Stability: 0.631,\n        <br> Normalised Variation Information: 0.111, <br> Index: 8",
          "Number of communities: 5, <br> Stability: 0.593,\n        <br> Normalised Variation Information: 0.026, <br> Index: 9",
          "Number of communities: 5, <br> Stability: 0.593,\n        <br> Normalised Variation Information: 0.015, <br> Index: 10",
          "Number of communities: 4, <br> Stability: 0.51,\n        <br> Normalised Variation Information: 0.0, <br> Index: 11",
          "Number of communities: 4, <br> Stability: 0.51,\n        <br> Normalised Variation Information: 0.0, <br> Index: 12",
          "Number of communities: 4, <br> Stability: 0.51,\n        <br> Normalised Variation Information: 0.0, <br> Index: 13",
          "Number of communities: 4, <br> Stability: 0.51,\n        <br> Normalised Variation Information: 0.0, <br> Index: 14",
          "Number of communities: 4, <br> Stability: 0.51,\n        <br> Normalised Variation Information: 0.0, <br> Index: 15",
          "Number of communities: 4, <br> Stability: 0.51,\n        <br> Normalised Variation Information: 0.0, <br> Index: 16",
          "Number of communities: 4, <br> Stability: 0.51,\n        <br> Normalised Variation Information: 0.0, <br> Index: 17",
          "Number of communities: 4, <br> Stability: 0.51,\n        <br> Normalised Variation Information: 0.0, <br> Index: 18",
          "Number of communities: 3, <br> Stability: 0.054,\n        <br> Normalised Variation Information: 0.0, <br> Index: 19"
         ],
         "type": "scatter",
         "x": [
          -1,
          -0.8947368421052632,
          -0.7894736842105263,
          -0.6842105263157895,
          -0.5789473684210527,
          -0.4736842105263159,
          -0.368421052631579,
          -0.2631578947368421,
          -0.15789473684210528,
          -0.05263157894736847,
          0.05263157894736834,
          0.15789473684210534,
          0.26315789473684204,
          0.36842105263157876,
          0.4736842105263157,
          0.5789473684210527,
          0.6842105263157894,
          0.7894736842105261,
          0.894736842105263,
          1
         ],
         "y": [
          0.8968893130290547,
          0.8773395273180811,
          0.8543423395000972,
          0.8282281618280205,
          0.797835618411105,
          0.7614674552086711,
          0.7214043787304522,
          0.7214043787304522,
          0.63060779009385,
          0.5931856355185734,
          0.5931856355185734,
          0.5096453531512692,
          0.5096453531512692,
          0.5096453531512692,
          0.5096453531512692,
          0.5096453531512692,
          0.5096453531512692,
          0.5096453531512692,
          0.5096453531512692,
          0.05438597754728865
         ]
        },
        {
         "hovertemplate": "<b>scale</b>: %{x:.2f}, <br>%{text}<extra></extra>",
         "marker": {
          "color": "red"
         },
         "mode": "lines+markers",
         "name": "Number of communities",
         "text": [
          "Number of communities: 47, <br> Stability: 0.897,\n        <br> Normalised Variation Information: 0.059, <br> Index: 0",
          "Number of communities: 39, <br> Stability: 0.877,\n        <br> Normalised Variation Information: 0.11, <br> Index: 1",
          "Number of communities: 33, <br> Stability: 0.854,\n        <br> Normalised Variation Information: 0.12, <br> Index: 2",
          "Number of communities: 24, <br> Stability: 0.828,\n        <br> Normalised Variation Information: 0.137, <br> Index: 3",
          "Number of communities: 22, <br> Stability: 0.798,\n        <br> Normalised Variation Information: 0.161, <br> Index: 4",
          "Number of communities: 17, <br> Stability: 0.761,\n        <br> Normalised Variation Information: 0.173, <br> Index: 5",
          "Number of communities: 15, <br> Stability: 0.721,\n        <br> Normalised Variation Information: 0.219, <br> Index: 6",
          "Number of communities: 15, <br> Stability: 0.721,\n        <br> Normalised Variation Information: 0.217, <br> Index: 7",
          "Number of communities: 7, <br> Stability: 0.631,\n        <br> Normalised Variation Information: 0.111, <br> Index: 8",
          "Number of communities: 5, <br> Stability: 0.593,\n        <br> Normalised Variation Information: 0.026, <br> Index: 9",
          "Number of communities: 5, <br> Stability: 0.593,\n        <br> Normalised Variation Information: 0.015, <br> Index: 10",
          "Number of communities: 4, <br> Stability: 0.51,\n        <br> Normalised Variation Information: 0.0, <br> Index: 11",
          "Number of communities: 4, <br> Stability: 0.51,\n        <br> Normalised Variation Information: 0.0, <br> Index: 12",
          "Number of communities: 4, <br> Stability: 0.51,\n        <br> Normalised Variation Information: 0.0, <br> Index: 13",
          "Number of communities: 4, <br> Stability: 0.51,\n        <br> Normalised Variation Information: 0.0, <br> Index: 14",
          "Number of communities: 4, <br> Stability: 0.51,\n        <br> Normalised Variation Information: 0.0, <br> Index: 15",
          "Number of communities: 4, <br> Stability: 0.51,\n        <br> Normalised Variation Information: 0.0, <br> Index: 16",
          "Number of communities: 4, <br> Stability: 0.51,\n        <br> Normalised Variation Information: 0.0, <br> Index: 17",
          "Number of communities: 4, <br> Stability: 0.51,\n        <br> Normalised Variation Information: 0.0, <br> Index: 18",
          "Number of communities: 3, <br> Stability: 0.054,\n        <br> Normalised Variation Information: 0.0, <br> Index: 19"
         ],
         "type": "scatter",
         "x": [
          -1,
          -0.8947368421052632,
          -0.7894736842105263,
          -0.6842105263157895,
          -0.5789473684210527,
          -0.4736842105263159,
          -0.368421052631579,
          -0.2631578947368421,
          -0.15789473684210528,
          -0.05263157894736847,
          0.05263157894736834,
          0.15789473684210534,
          0.26315789473684204,
          0.36842105263157876,
          0.4736842105263157,
          0.5789473684210527,
          0.6842105263157894,
          0.7894736842105261,
          0.894736842105263,
          1
         ],
         "xaxis": "x2",
         "y": [
          47,
          39,
          33,
          24,
          22,
          17,
          15,
          15,
          7,
          5,
          5,
          4,
          4,
          4,
          4,
          4,
          4,
          4,
          4,
          3
         ],
         "yaxis": "y4"
        },
        {
         "hovertemplate": "<b>scale</b>: %{x:.2f}, <br>%{text}<extra></extra>",
         "marker": {
          "color": "green"
         },
         "mode": "lines+markers",
         "name": "NVI",
         "opacity": 1,
         "text": [
          "Number of communities: 47, <br> Stability: 0.897,\n        <br> Normalised Variation Information: 0.059, <br> Index: 0",
          "Number of communities: 39, <br> Stability: 0.877,\n        <br> Normalised Variation Information: 0.11, <br> Index: 1",
          "Number of communities: 33, <br> Stability: 0.854,\n        <br> Normalised Variation Information: 0.12, <br> Index: 2",
          "Number of communities: 24, <br> Stability: 0.828,\n        <br> Normalised Variation Information: 0.137, <br> Index: 3",
          "Number of communities: 22, <br> Stability: 0.798,\n        <br> Normalised Variation Information: 0.161, <br> Index: 4",
          "Number of communities: 17, <br> Stability: 0.761,\n        <br> Normalised Variation Information: 0.173, <br> Index: 5",
          "Number of communities: 15, <br> Stability: 0.721,\n        <br> Normalised Variation Information: 0.219, <br> Index: 6",
          "Number of communities: 15, <br> Stability: 0.721,\n        <br> Normalised Variation Information: 0.217, <br> Index: 7",
          "Number of communities: 7, <br> Stability: 0.631,\n        <br> Normalised Variation Information: 0.111, <br> Index: 8",
          "Number of communities: 5, <br> Stability: 0.593,\n        <br> Normalised Variation Information: 0.026, <br> Index: 9",
          "Number of communities: 5, <br> Stability: 0.593,\n        <br> Normalised Variation Information: 0.015, <br> Index: 10",
          "Number of communities: 4, <br> Stability: 0.51,\n        <br> Normalised Variation Information: 0.0, <br> Index: 11",
          "Number of communities: 4, <br> Stability: 0.51,\n        <br> Normalised Variation Information: 0.0, <br> Index: 12",
          "Number of communities: 4, <br> Stability: 0.51,\n        <br> Normalised Variation Information: 0.0, <br> Index: 13",
          "Number of communities: 4, <br> Stability: 0.51,\n        <br> Normalised Variation Information: 0.0, <br> Index: 14",
          "Number of communities: 4, <br> Stability: 0.51,\n        <br> Normalised Variation Information: 0.0, <br> Index: 15",
          "Number of communities: 4, <br> Stability: 0.51,\n        <br> Normalised Variation Information: 0.0, <br> Index: 16",
          "Number of communities: 4, <br> Stability: 0.51,\n        <br> Normalised Variation Information: 0.0, <br> Index: 17",
          "Number of communities: 4, <br> Stability: 0.51,\n        <br> Normalised Variation Information: 0.0, <br> Index: 18",
          "Number of communities: 3, <br> Stability: 0.054,\n        <br> Normalised Variation Information: 0.0, <br> Index: 19"
         ],
         "type": "scatter",
         "x": [
          -1,
          -0.8947368421052632,
          -0.7894736842105263,
          -0.6842105263157895,
          -0.5789473684210527,
          -0.4736842105263159,
          -0.368421052631579,
          -0.2631578947368421,
          -0.15789473684210528,
          -0.05263157894736847,
          0.05263157894736834,
          0.15789473684210534,
          0.26315789473684204,
          0.36842105263157876,
          0.4736842105263157,
          0.5789473684210527,
          0.6842105263157894,
          0.7894736842105261,
          0.894736842105263,
          1
         ],
         "xaxis": "x",
         "y": [
          0.0592889662915332,
          0.10993186285240267,
          0.12025198507035213,
          0.1370685380819492,
          0.16082956318221306,
          0.17293614073944227,
          0.218608319126631,
          0.2172999826707574,
          0.11083094072338248,
          0.02585286006686635,
          0.014516166991662898,
          0,
          0,
          0,
          0,
          0,
          0,
          0,
          0,
          0
         ],
         "yaxis": "y3"
        },
        {
         "colorbar": {
          "len": 0.2,
          "title": {
           "text": "VI"
          },
          "y": 0.5,
          "yanchor": "middle"
         },
         "colorscale": [
          [
           0,
           "rgb(102,37,6)"
          ],
          [
           0.125,
           "rgb(153,52,4)"
          ],
          [
           0.25,
           "rgb(204,76,2)"
          ],
          [
           0.375,
           "rgb(236,112,20)"
          ],
          [
           0.5,
           "rgb(254,153,41)"
          ],
          [
           0.625,
           "rgb(254,196,79)"
          ],
          [
           0.75,
           "rgb(254,227,145)"
          ],
          [
           0.875,
           "rgb(255,247,188)"
          ],
          [
           1,
           "rgb(255,255,229)"
          ]
         ],
         "hoverinfo": "skip",
         "showscale": true,
         "type": "heatmap",
         "x": [
          -1,
          -0.8947368421052632,
          -0.7894736842105263,
          -0.6842105263157895,
          -0.5789473684210527,
          -0.4736842105263159,
          -0.368421052631579,
          -0.2631578947368421,
          -0.15789473684210528,
          -0.05263157894736847,
          0.05263157894736834,
          0.15789473684210534,
          0.26315789473684204,
          0.36842105263157876,
          0.4736842105263157,
          0.5789473684210527,
          0.6842105263157894,
          0.7894736842105261,
          0.894736842105263,
          1
         ],
         "xaxis": "x2",
         "y": [
          -1,
          -0.8947368421052632,
          -0.7894736842105263,
          -0.6842105263157895,
          -0.5789473684210527,
          -0.4736842105263159,
          -0.368421052631579,
          -0.2631578947368421,
          -0.15789473684210528,
          -0.05263157894736847,
          0.05263157894736834,
          0.15789473684210534,
          0.26315789473684204,
          0.36842105263157876,
          0.4736842105263157,
          0.5789473684210527,
          0.6842105263157894,
          0.7894736842105261,
          0.894736842105263,
          1
         ],
         "yaxis": "y2",
         "z": [
          [
           0,
           0.08833179135493764,
           0.15561030882164392,
           0.26031692021857555,
           0.2778458346876413,
           0.3214428094671062,
           0.36816652623005336,
           0.36816652623005336,
           0.5259963041750018,
           0.6198724452129016,
           0.6198724452129016,
           0.6330105286972397,
           0.6330105286972397,
           0.6330105286972397,
           0.6330105286972397,
           0.6330105286972397,
           0.6330105286972397,
           0.6330105286972397,
           0.6330105286972397,
           0.7247578965229297
          ],
          [
           0.08833179135493764,
           0,
           0.11606363718508503,
           0.258341730419875,
           0.2635589002568475,
           0.313482152598585,
           0.3618895653084613,
           0.3618895653084613,
           0.5085328682691103,
           0.5998894506985908,
           0.5998894506985908,
           0.6137181924814127,
           0.6137181924814127,
           0.6137181924814127,
           0.6137181924814127,
           0.6137181924814127,
           0.6137181924814127,
           0.6137181924814127,
           0.6137181924814127,
           0.7102886443610594
          ],
          [
           0.15561030882164392,
           0.11606363718508503,
           0,
           0.20204629412056152,
           0.21531048954961546,
           0.27898308518970033,
           0.330003412678699,
           0.330003412678699,
           0.5310469353886138,
           0.5950226913245001,
           0.5950226913245001,
           0.6093658245543878,
           0.6093658245543878,
           0.6093658245543878,
           0.6093658245543878,
           0.6093658245543878,
           0.6093658245543878,
           0.6093658245543878,
           0.6093658245543878,
           0.7095284336430063
          ],
          [
           0.26031692021857555,
           0.258341730419875,
           0.20204629412056152,
           0,
           0.0959616497824807,
           0.14333750752045663,
           0.20286712764966702,
           0.20286712764966702,
           0.48743514536484905,
           0.5529178376899146,
           0.5529178376899146,
           0.5687522039157471,
           0.5687522039157471,
           0.5687522039157471,
           0.5687522039157471,
           0.5687522039157471,
           0.5687522039157471,
           0.5687522039157471,
           0.5687522039157471,
           0.6793285618860685
          ],
          [
           0.2778458346876413,
           0.2635589002568475,
           0.21531048954961546,
           0.0959616497824807,
           0,
           0.12307332314051986,
           0.19110063707603758,
           0.19110063707603758,
           0.4645372440636995,
           0.5178110091155117,
           0.5178110091155117,
           0.5344765708136558,
           0.5344765708136558,
           0.5344765708136558,
           0.5344765708136558,
           0.5344765708136558,
           0.5344765708136558,
           0.5344765708136558,
           0.5344765708136558,
           0.6508574281102419
          ],
          [
           0.3214428094671062,
           0.313482152598585,
           0.27898308518970033,
           0.14333750752045663,
           0.12307332314051986,
           0,
           0.12853592727866378,
           0.12853592727866378,
           0.41582221952409915,
           0.47201893424202,
           0.47201893424202,
           0.49026717547768406,
           0.49026717547768406,
           0.49026717547768406,
           0.49026717547768406,
           0.49026717547768406,
           0.49026717547768406,
           0.49026717547768406,
           0.49026717547768406,
           0.617700381608263
          ],
          [
           0.36816652623005336,
           0.3618895653084613,
           0.330003412678699,
           0.20286712764966702,
           0.19110063707603758,
           0.12853592727866378,
           0,
           0,
           0.39177942140933425,
           0.4467328600963321,
           0.4467328600963321,
           0.46585504627214464,
           0.46585504627214464,
           0.46585504627214464,
           0.46585504627214464,
           0.46585504627214464,
           0.46585504627214464,
           0.46585504627214464,
           0.46585504627214464,
           0.5993912847041085
          ],
          [
           0.36816652623005336,
           0.3618895653084613,
           0.330003412678699,
           0.20286712764966702,
           0.19110063707603758,
           0.12853592727866378,
           0,
           0,
           0.39177942140933425,
           0.4467328600963321,
           0.4467328600963321,
           0.46585504627214464,
           0.46585504627214464,
           0.46585504627214464,
           0.46585504627214464,
           0.46585504627214464,
           0.46585504627214464,
           0.46585504627214464,
           0.46585504627214464,
           0.5993912847041085
          ],
          [
           0.5259963041750018,
           0.5085328682691103,
           0.5310469353886138,
           0.48743514536484905,
           0.4645372440636995,
           0.41582221952409915,
           0.39177942140933425,
           0.39177942140933425,
           0,
           0.26595193688261937,
           0.26595193688261937,
           0.25754082187934313,
           0.25754082187934313,
           0.25754082187934313,
           0.25754082187934313,
           0.25754082187934313,
           0.25754082187934313,
           0.25754082187934313,
           0.25754082187934313,
           0.4431556164095074
          ],
          [
           0.6198724452129016,
           0.5998894506985908,
           0.5950226913245001,
           0.5529178376899146,
           0.5178110091155117,
           0.47201893424202,
           0.4467328600963321,
           0.4467328600963321,
           0.26595193688261937,
           0,
           3.0927087083984995e-16,
           0.03456230236110207,
           0.03456230236110207,
           0.03456230236110207,
           0.03456230236110207,
           0.03456230236110207,
           0.03456230236110207,
           0.03456230236110207,
           0.03456230236110207,
           0.27592172677082666
          ],
          [
           0.6198724452129016,
           0.5998894506985908,
           0.5950226913245001,
           0.5529178376899146,
           0.5178110091155117,
           0.47201893424202,
           0.4467328600963321,
           0.4467328600963321,
           0.26595193688261937,
           3.0927087083984995e-16,
           0,
           0.03456230236110207,
           0.03456230236110207,
           0.03456230236110207,
           0.03456230236110207,
           0.03456230236110207,
           0.03456230236110207,
           0.03456230236110207,
           0.03456230236110207,
           0.27592172677082666
          ],
          [
           0.6330105286972397,
           0.6137181924814127,
           0.6093658245543878,
           0.5687522039157471,
           0.5344765708136558,
           0.49026717547768406,
           0.46585504627214464,
           0.46585504627214464,
           0.25754082187934313,
           0.03456230236110207,
           0.03456230236110207,
           0,
           0,
           0,
           0,
           0,
           0,
           0,
           0,
           0.25000000000000006
          ],
          [
           0.6330105286972397,
           0.6137181924814127,
           0.6093658245543878,
           0.5687522039157471,
           0.5344765708136558,
           0.49026717547768406,
           0.46585504627214464,
           0.46585504627214464,
           0.25754082187934313,
           0.03456230236110207,
           0.03456230236110207,
           0,
           0,
           0,
           0,
           0,
           0,
           0,
           0,
           0.25000000000000006
          ],
          [
           0.6330105286972397,
           0.6137181924814127,
           0.6093658245543878,
           0.5687522039157471,
           0.5344765708136558,
           0.49026717547768406,
           0.46585504627214464,
           0.46585504627214464,
           0.25754082187934313,
           0.03456230236110207,
           0.03456230236110207,
           0,
           0,
           0,
           0,
           0,
           0,
           0,
           0,
           0.25000000000000006
          ],
          [
           0.6330105286972397,
           0.6137181924814127,
           0.6093658245543878,
           0.5687522039157471,
           0.5344765708136558,
           0.49026717547768406,
           0.46585504627214464,
           0.46585504627214464,
           0.25754082187934313,
           0.03456230236110207,
           0.03456230236110207,
           0,
           0,
           0,
           0,
           0,
           0,
           0,
           0,
           0.25000000000000006
          ],
          [
           0.6330105286972397,
           0.6137181924814127,
           0.6093658245543878,
           0.5687522039157471,
           0.5344765708136558,
           0.49026717547768406,
           0.46585504627214464,
           0.46585504627214464,
           0.25754082187934313,
           0.03456230236110207,
           0.03456230236110207,
           0,
           0,
           0,
           0,
           0,
           0,
           0,
           0,
           0.25000000000000006
          ],
          [
           0.6330105286972397,
           0.6137181924814127,
           0.6093658245543878,
           0.5687522039157471,
           0.5344765708136558,
           0.49026717547768406,
           0.46585504627214464,
           0.46585504627214464,
           0.25754082187934313,
           0.03456230236110207,
           0.03456230236110207,
           0,
           0,
           0,
           0,
           0,
           0,
           0,
           0,
           0.25000000000000006
          ],
          [
           0.6330105286972397,
           0.6137181924814127,
           0.6093658245543878,
           0.5687522039157471,
           0.5344765708136558,
           0.49026717547768406,
           0.46585504627214464,
           0.46585504627214464,
           0.25754082187934313,
           0.03456230236110207,
           0.03456230236110207,
           0,
           0,
           0,
           0,
           0,
           0,
           0,
           0,
           0.25000000000000006
          ],
          [
           0.6330105286972397,
           0.6137181924814127,
           0.6093658245543878,
           0.5687522039157471,
           0.5344765708136558,
           0.49026717547768406,
           0.46585504627214464,
           0.46585504627214464,
           0.25754082187934313,
           0.03456230236110207,
           0.03456230236110207,
           0,
           0,
           0,
           0,
           0,
           0,
           0,
           0,
           0.25000000000000006
          ],
          [
           0.7247578965229297,
           0.7102886443610594,
           0.7095284336430063,
           0.6793285618860685,
           0.6508574281102419,
           0.617700381608263,
           0.5993912847041085,
           0.5993912847041085,
           0.4431556164095074,
           0.27592172677082666,
           0.27592172677082666,
           0.25000000000000006,
           0.25000000000000006,
           0.25000000000000006,
           0.25000000000000006,
           0.25000000000000006,
           0.25000000000000006,
           0.25000000000000006,
           0.25000000000000006,
           0
          ]
         ]
        }
       ],
       "layout": {
        "template": {
         "data": {
          "bar": [
           {
            "error_x": {
             "color": "#2a3f5f"
            },
            "error_y": {
             "color": "#2a3f5f"
            },
            "marker": {
             "line": {
              "color": "#E5ECF6",
              "width": 0.5
             },
             "pattern": {
              "fillmode": "overlay",
              "size": 10,
              "solidity": 0.2
             }
            },
            "type": "bar"
           }
          ],
          "barpolar": [
           {
            "marker": {
             "line": {
              "color": "#E5ECF6",
              "width": 0.5
             },
             "pattern": {
              "fillmode": "overlay",
              "size": 10,
              "solidity": 0.2
             }
            },
            "type": "barpolar"
           }
          ],
          "carpet": [
           {
            "aaxis": {
             "endlinecolor": "#2a3f5f",
             "gridcolor": "white",
             "linecolor": "white",
             "minorgridcolor": "white",
             "startlinecolor": "#2a3f5f"
            },
            "baxis": {
             "endlinecolor": "#2a3f5f",
             "gridcolor": "white",
             "linecolor": "white",
             "minorgridcolor": "white",
             "startlinecolor": "#2a3f5f"
            },
            "type": "carpet"
           }
          ],
          "choropleth": [
           {
            "colorbar": {
             "outlinewidth": 0,
             "ticks": ""
            },
            "type": "choropleth"
           }
          ],
          "contour": [
           {
            "colorbar": {
             "outlinewidth": 0,
             "ticks": ""
            },
            "colorscale": [
             [
              0,
              "#0d0887"
             ],
             [
              0.1111111111111111,
              "#46039f"
             ],
             [
              0.2222222222222222,
              "#7201a8"
             ],
             [
              0.3333333333333333,
              "#9c179e"
             ],
             [
              0.4444444444444444,
              "#bd3786"
             ],
             [
              0.5555555555555556,
              "#d8576b"
             ],
             [
              0.6666666666666666,
              "#ed7953"
             ],
             [
              0.7777777777777778,
              "#fb9f3a"
             ],
             [
              0.8888888888888888,
              "#fdca26"
             ],
             [
              1,
              "#f0f921"
             ]
            ],
            "type": "contour"
           }
          ],
          "contourcarpet": [
           {
            "colorbar": {
             "outlinewidth": 0,
             "ticks": ""
            },
            "type": "contourcarpet"
           }
          ],
          "heatmap": [
           {
            "colorbar": {
             "outlinewidth": 0,
             "ticks": ""
            },
            "colorscale": [
             [
              0,
              "#0d0887"
             ],
             [
              0.1111111111111111,
              "#46039f"
             ],
             [
              0.2222222222222222,
              "#7201a8"
             ],
             [
              0.3333333333333333,
              "#9c179e"
             ],
             [
              0.4444444444444444,
              "#bd3786"
             ],
             [
              0.5555555555555556,
              "#d8576b"
             ],
             [
              0.6666666666666666,
              "#ed7953"
             ],
             [
              0.7777777777777778,
              "#fb9f3a"
             ],
             [
              0.8888888888888888,
              "#fdca26"
             ],
             [
              1,
              "#f0f921"
             ]
            ],
            "type": "heatmap"
           }
          ],
          "heatmapgl": [
           {
            "colorbar": {
             "outlinewidth": 0,
             "ticks": ""
            },
            "colorscale": [
             [
              0,
              "#0d0887"
             ],
             [
              0.1111111111111111,
              "#46039f"
             ],
             [
              0.2222222222222222,
              "#7201a8"
             ],
             [
              0.3333333333333333,
              "#9c179e"
             ],
             [
              0.4444444444444444,
              "#bd3786"
             ],
             [
              0.5555555555555556,
              "#d8576b"
             ],
             [
              0.6666666666666666,
              "#ed7953"
             ],
             [
              0.7777777777777778,
              "#fb9f3a"
             ],
             [
              0.8888888888888888,
              "#fdca26"
             ],
             [
              1,
              "#f0f921"
             ]
            ],
            "type": "heatmapgl"
           }
          ],
          "histogram": [
           {
            "marker": {
             "pattern": {
              "fillmode": "overlay",
              "size": 10,
              "solidity": 0.2
             }
            },
            "type": "histogram"
           }
          ],
          "histogram2d": [
           {
            "colorbar": {
             "outlinewidth": 0,
             "ticks": ""
            },
            "colorscale": [
             [
              0,
              "#0d0887"
             ],
             [
              0.1111111111111111,
              "#46039f"
             ],
             [
              0.2222222222222222,
              "#7201a8"
             ],
             [
              0.3333333333333333,
              "#9c179e"
             ],
             [
              0.4444444444444444,
              "#bd3786"
             ],
             [
              0.5555555555555556,
              "#d8576b"
             ],
             [
              0.6666666666666666,
              "#ed7953"
             ],
             [
              0.7777777777777778,
              "#fb9f3a"
             ],
             [
              0.8888888888888888,
              "#fdca26"
             ],
             [
              1,
              "#f0f921"
             ]
            ],
            "type": "histogram2d"
           }
          ],
          "histogram2dcontour": [
           {
            "colorbar": {
             "outlinewidth": 0,
             "ticks": ""
            },
            "colorscale": [
             [
              0,
              "#0d0887"
             ],
             [
              0.1111111111111111,
              "#46039f"
             ],
             [
              0.2222222222222222,
              "#7201a8"
             ],
             [
              0.3333333333333333,
              "#9c179e"
             ],
             [
              0.4444444444444444,
              "#bd3786"
             ],
             [
              0.5555555555555556,
              "#d8576b"
             ],
             [
              0.6666666666666666,
              "#ed7953"
             ],
             [
              0.7777777777777778,
              "#fb9f3a"
             ],
             [
              0.8888888888888888,
              "#fdca26"
             ],
             [
              1,
              "#f0f921"
             ]
            ],
            "type": "histogram2dcontour"
           }
          ],
          "mesh3d": [
           {
            "colorbar": {
             "outlinewidth": 0,
             "ticks": ""
            },
            "type": "mesh3d"
           }
          ],
          "parcoords": [
           {
            "line": {
             "colorbar": {
              "outlinewidth": 0,
              "ticks": ""
             }
            },
            "type": "parcoords"
           }
          ],
          "pie": [
           {
            "automargin": true,
            "type": "pie"
           }
          ],
          "scatter": [
           {
            "fillpattern": {
             "fillmode": "overlay",
             "size": 10,
             "solidity": 0.2
            },
            "type": "scatter"
           }
          ],
          "scatter3d": [
           {
            "line": {
             "colorbar": {
              "outlinewidth": 0,
              "ticks": ""
             }
            },
            "marker": {
             "colorbar": {
              "outlinewidth": 0,
              "ticks": ""
             }
            },
            "type": "scatter3d"
           }
          ],
          "scattercarpet": [
           {
            "marker": {
             "colorbar": {
              "outlinewidth": 0,
              "ticks": ""
             }
            },
            "type": "scattercarpet"
           }
          ],
          "scattergeo": [
           {
            "marker": {
             "colorbar": {
              "outlinewidth": 0,
              "ticks": ""
             }
            },
            "type": "scattergeo"
           }
          ],
          "scattergl": [
           {
            "marker": {
             "colorbar": {
              "outlinewidth": 0,
              "ticks": ""
             }
            },
            "type": "scattergl"
           }
          ],
          "scattermapbox": [
           {
            "marker": {
             "colorbar": {
              "outlinewidth": 0,
              "ticks": ""
             }
            },
            "type": "scattermapbox"
           }
          ],
          "scatterpolar": [
           {
            "marker": {
             "colorbar": {
              "outlinewidth": 0,
              "ticks": ""
             }
            },
            "type": "scatterpolar"
           }
          ],
          "scatterpolargl": [
           {
            "marker": {
             "colorbar": {
              "outlinewidth": 0,
              "ticks": ""
             }
            },
            "type": "scatterpolargl"
           }
          ],
          "scatterternary": [
           {
            "marker": {
             "colorbar": {
              "outlinewidth": 0,
              "ticks": ""
             }
            },
            "type": "scatterternary"
           }
          ],
          "surface": [
           {
            "colorbar": {
             "outlinewidth": 0,
             "ticks": ""
            },
            "colorscale": [
             [
              0,
              "#0d0887"
             ],
             [
              0.1111111111111111,
              "#46039f"
             ],
             [
              0.2222222222222222,
              "#7201a8"
             ],
             [
              0.3333333333333333,
              "#9c179e"
             ],
             [
              0.4444444444444444,
              "#bd3786"
             ],
             [
              0.5555555555555556,
              "#d8576b"
             ],
             [
              0.6666666666666666,
              "#ed7953"
             ],
             [
              0.7777777777777778,
              "#fb9f3a"
             ],
             [
              0.8888888888888888,
              "#fdca26"
             ],
             [
              1,
              "#f0f921"
             ]
            ],
            "type": "surface"
           }
          ],
          "table": [
           {
            "cells": {
             "fill": {
              "color": "#EBF0F8"
             },
             "line": {
              "color": "white"
             }
            },
            "header": {
             "fill": {
              "color": "#C8D4E3"
             },
             "line": {
